start=1540.972767
volume=130.000000
fullscreen=yes
