start=4602.723125
volume=130.000000
fullscreen=yes
