start=417.240000
sub-delay=1.000001
