start=320.111456
fullscreen=yes
sub-delay=3.000000
