start=706.831125
volume=130.000000
fullscreen=yes
