start=1332.122458
sub-delay=-0.500000
