start=1055.687967
volume=130.000000
