start=6232.693126
volume=130.000000
fullscreen=yes
sub-delay=-0.000000
