start=31.697917
volume=130.000000
sid=no
