start=363.237458
volume=130.000000
