start=518.933333
volume=130.000000
fullscreen=yes
