start=283.199167
volume=130.000000
fullscreen=yes
