start=77.966667
volume=130.000000
fullscreen=yes
