start=2580.678100
volume=130.000000
