start=1169.771396
volume=130.000000
sub-delay=7.499995
sub-pos=97
