start=644.184992
fullscreen=yes
sub-delay=7.499995
sub-pos=97
