start=806.438967
volume=130.000000
fullscreen=yes
