start=17.283933
volume=130.000000
