start=357.356583
volume=130.000000
fullscreen=yes
