start=1030.896533
volume=130.000000
