start=341.257583
fullscreen=yes
sub-delay=17.500031
