start=921.564000
fullscreen=yes
sub-delay=-9.500000
