start=48.633333
sub-delay=6.499996
sub-pos=97
