start=535.150000
volume=130.000000
