start=52.683700
fullscreen=yes
sub-delay=6.499996
sub-pos=97
