start=884.633333
sub-delay=5.499997
sub-pos=97
