start=107.232000
sub-delay=1.000000
