start=1177.968042
volume=130.000000
sid=1
