start=5338.800100
volume=130.000000
fullscreen=yes
