start=453.542415
volume=130.000000
sub-delay=7.499995
sub-pos=97
