start=74.574500
volume=130.000000
