start=42.625500
volume=130.000000
