start=613.404000
volume=130.000000
