start=224.924691
volume=130.000000
fullscreen=yes
