start=490.500000
volume=130.000000
