start=100.141292
volume=130.000000
fullscreen=yes
