start=729.151874
sub-delay=-83.599297
