start=295.628000
fullscreen=yes
sub-delay=-7.999995
