start=207.073533
volume=130.000000
