start=653.819417
volume=130.000000
