start=17795.366667
volume=130.000000
fullscreen=yes
