start=1.166667
sub-delay=5.999996
