start=960.000708
volume=98.000000
sid=5
