start=461.227433
volume=130.000000
