start=223.489933
volume=130.000000
fullscreen=yes
