start=1240.973067
volume=130.000000
