start=268.268000
volume=130.000000
fullscreen=yes
