start=0.066733
volume=130.000000
