start=651.817833
volume=130.000000
fullscreen=yes
