start=1220.553000
fullscreen=yes
sid=2
sub-delay=-1.000000
