start=1214.479933
volume=130.000000
fullscreen=yes
