start=2.000000
sub-delay=6.499996
sub-pos=99
