start=1157.900000
fullscreen=yes
sub-delay=16.500031
