start=50.884167
volume=130.000000
