start=2982.016667
volume=130.000000
