start=201.534635
volume=130.000000
fullscreen=yes
