start=24.107000
sub-delay=1.000000
